0.99637986221268,0.000341378145808768,0.00324516681433301,4.00460009937631e-06,2.93566521427129e-05,2.31574936805442e-07
0.314075352842742,0.684540016847747,3.2532624545952e-06,5.98925764417228e-07,0.00137242811097253,8.35001031960638e-06
0.999777993322026,0.000212499527693933,7.11772980606171e-06,6.67504611589247e-09,2.35407998296704e-06,2.86654450457051e-08
0.967476827417372,0.00694196575415984,0.0255810934178281,1.12240105074034e-07,1.1636611743941e-09,6.87358846675399e-12
0.964732901106809,0.0152011937212233,2.89734537398875e-05,0.0200369242193087,7.31562532331784e-09,1.83293654149084e-10
0.987586726614991,0.00297395725230171,0.00936255187112883,6.23651243011031e-06,7.05105061262101e-05,1.72430220759552e-08
0.0554646115127644,0.279844059741114,0.00180754629628926,0.637582624510535,0.00703117755353012,0.018269980385767
0.998483036709662,0.00112052480547207,5.35022763367318e-07,3.92942347619289e-08,0.00039409721652895,1.7669513388307e-06
0.870707804705401,0.000772334470942541,0.00203755213079277,1.09901227557668e-05,0.124900660703425,0.0015706578666825
0.940009498020869,0.0383067398096972,0.0216833909513018,8.35931377828309e-08,8.73061218289752e-08,2.0031887296096e-07
0.00186461486962853,0.148784706209434,0.000841723306648977,0.000142477188816477,0.727189211338653,0.121177267086819
0.920912444927124,0.0286559496153947,1.02325342542089e-10,1.12545040957217e-07,0.0503444965288503,8.69962812648352e-05
0.000656008542888867,0.100232092053991,2.64687462780874e-07,0.899111586887581,2.34154965354762e-08,2.4412579318059e-08
0.999995777660539,4.22232198728771e-06,1.7367104593622e-11,7.73120119025281e-14,2.92895099753978e-14,1.67451013245236e-16
0.994044870881547,0.000872892159494186,0.00481751419989989,1.51430162242745e-05,0.000249511348780211,6.83940546352823e-08
0.0999335621459382,0.0152030920572099,0.884863284961886,6.08168811154835e-08,1.79994389238617e-11,8.55250978559805e-14
0.964099061062599,0.0358725269106212,8.6881321131032e-07,2.67754243307602e-05,7.67407236215309e-07,3.82001796545719e-10
0.999647704039407,0.000331282364745689,2.09853098312829e-05,1.76961761268062e-08,1.05860910922961e-08,3.74849008498927e-12
0.38983434842424,1.05532252507098e-06,9.92491352172952e-08,4.77614620443672e-10,0.610164474790993,2.17354925584023e-08
0.999452081954852,0.00051252116678509,3.39328256997288e-05,2.67347005528053e-08,1.42811460630122e-06,9.20335663743347e-09
0.000119352980183368,5.40055982593322e-05,5.26618229137706e-05,0.000758801261885365,0.075078048093783,0.923937130242975
0.0473399239846151,0.00915380407520204,0.0109943260399905,5.62361614037918e-06,0.815988036882078,0.116518285401973
0.99996143485969,2.99369576579427e-06,3.55405789638615e-05,2.98680082557984e-08,9.92206008890195e-10,5.36663025286145e-12
0.998490863706161,0.000506413070729374,0.0009679975910031,1.56602384324703e-05,1.90490759632158e-05,1.6317711217156e-08
0.0197125488528621,0.934067925258263,0.00552201562703983,0.000354802051676054,0.0225358533926786,0.0178068548174804
0.883632111509263,0.0215617675761914,0.0948061201210047,7.76919413556254e-10,1.36561924828536e-11,2.96480243589564e-12
0.0508040286465076,0.601362935961653,2.77855607361146e-10,0.347833034606822,4.83929203692059e-10,2.32329838040968e-11
0.517046983931139,0.473340135241927,0.00694015367604723,0.000921115810293219,0.000237799957370608,0.00151381138322317
0.99976844191302,0.000230871525431167,6.83533862101686e-07,2.94121387456978e-09,8.61692226281138e-11,3.03538382504817e-13
0.998569640074782,0.00142925045603956,5.34890782188709e-10,1.13300629757106e-09,1.08403625092249e-06,2.3765030582496e-08
0.65285060749023,0.346757419380656,1.33792922494704e-06,6.70683527380638e-08,0.000352232851841171,3.83352796946278e-05
0.969518313624153,0.0234504949878259,0.000230127580829241,0.000600141938234066,0.00234729587921386,0.00385362598974393
0.991125977725759,0.00887087740736239,3.14441473848864e-06,9.51336432213717e-11,3.56772874097282e-10,2.33700096814979e-13
0.396397968453336,0.0285809528190528,0.000313068813373247,0.00206338855675587,0.485873815883608,0.086770805473874
0.999030951167402,0.000966772244826568,2.24416976210675e-06,2.02642895647985e-08,1.20489244287723e-08,1.0479564952251e-10
0.66769363573669,2.97645125997859e-06,0.332303386635257,6.27597565839864e-10,5.49159747616188e-10,3.59397419120177e-14
0.0725543415008213,0.927445486220488,9.153728170768e-11,7.18504542725243e-08,1.00164592668887e-07,1.72106917353462e-10
0.34768395958594,0.206931792346809,0.443707857800875,0.00167638629523989,3.94820652653923e-09,2.29290200100119e-11
0.0333842644860332,0.96607038377378,0.000544244559564177,1.09243893200075e-06,1.38506348928036e-08,8.91055602680515e-10
0.776713180196753,0.223217214796388,6.76265615272617e-05,1.91698616368436e-06,6.13603021510101e-08,9.88655610283657e-11
0.999455867643183,0.000531386623281853,2.94722225609021e-09,1.27399351985472e-05,2.85107395369426e-09,4.06732184253741e-14
0.181808415763677,0.001867039602826,0.815863365861826,0.000369105340053711,9.19548688611365e-05,1.1856275657894e-07
0.517232540092422,0.00108737555329325,0.481201056604976,0.000479013710667761,1.400018257382e-08,3.84577841021828e-11
0.999132388259904,0.000867608794566992,2.75075054515404e-09,1.93600825059657e-10,9.38410246604812e-13,2.38949895200047e-13
0.00261316147563033,5.1983016981691e-06,2.8584224711604e-17,6.00763367193525e-14,0.99533502142437,0.00204661879824104
0.990219166975716,0.00245997272429473,0.00215981594696478,4.85451103289466e-05,0.00489521151823119,0.0002172877244648
0.999493396248254,0.000504485389976706,1.53667783806357e-06,5.77516938194962e-07,4.06448321293667e-09,1.02510288311197e-10
0.985983722703512,0.00325956962987226,0.0107564862711922,2.2139535481989e-07,6.48606529840645e-14,4.00487310166791e-15
0.96233127042033,0.0013735689284578,0.0362844811843054,2.74712666905279e-06,7.62985183861171e-06,3.02488399539e-07
0.924021896301015,0.0254293000656744,0.0505461991806691,2.5964545659026e-06,7.98038929002277e-09,1.76865241490952e-11
8.60621587834516e-07,0.000283917316705379,7.66052067407786e-24,6.30989652680761e-10,0.0293370986903176,0.9703781227404
0.682762622351896,0.000471127568146049,0.316716487276601,4.97271567758512e-05,3.5607426143998e-08,3.91558873557466e-11
0.999429678990394,0.000367353938356463,0.000171474976627357,6.2443153431719e-06,2.50194793759749e-05,2.28299902661703e-07
0.898909187456551,0.0110424086080075,0.0900472604023104,1.65665316819829e-07,9.76532335376014e-07,1.33547850282332e-09
0.983909371077897,0.016071361288277,2.39170737132104e-06,1.68529074806897e-05,2.29633724217641e-08,5.56011205257707e-11
4.25165995045072e-06,0.000397425089879185,5.5783689098547e-28,1.55471134331262e-22,0.337741981336349,0.661856341913822
0.995302682135802,0.000103785486646509,0.00208745680785474,3.09769416574467e-09,0.00250606922511393,3.24688839439417e-09
2.7937380620382e-05,0.00230209231083497,5.45313703728232e-17,1.57512769988065e-15,0.65129018775688,0.346379782551663
0.999943732804293,6.37111395463422e-06,1.21610804216861e-05,2.9184471100307e-08,3.51470271919808e-05,2.55878966742023e-06
0.983977462657131,0.00166689958867798,0.0143531357111299,2.20197728185919e-06,2.99487271275933e-07,5.78508305434796e-10
0.861899053777483,0.118627436425914,7.42231493531239e-05,1.08681581978879e-09,0.0193668451207763,3.24404396577572e-05
0.234998545102547,0.763906654120618,2.38064462798343e-06,0.00108370077684559,8.48847139500533e-06,2.30883967059002e-07
0.999897178998726,5.64316323639074e-05,4.63893513076832e-05,1.33512974872893e-11,2.58525803762258e-12,1.66521675821602e-12
0.999938334224872,5.7202548285283e-07,6.10781366540659e-05,1.29031236274503e-08,2.70141982775746e-09,8.44717559049449e-12
0.999990157887188,9.28334068971127e-06,5.58768653694537e-07,2.1683379738245e-12,1.29740152204866e-12,2.46872801454798e-15
0.967143867157013,0.0066060275758199,1.07474992098651e-10,1.56718945520408e-06,0.0249543544288608,0.00129418354137634
0.0219514311252355,0.0536797783050876,0.002275016105445,9.96936450261565e-05,0.383013722355778,0.538980358463427
0.999487622691013,0.000476067979043552,3.63036003123962e-05,1.53856024943126e-09,4.1696963394382e-09,2.13739818736157e-11
0.953167544951676,0.0467870113961333,1.70000969193178e-06,4.33099620085786e-05,1.85276942216682e-07,2.48403548122359e-07
0.00413841910053253,0.0174348388194913,0.00131598355856293,0.000116929412128563,0.844164263053833,0.132829566055452
2.97436661990767e-06,0.00398670936192419,6.88168458018676e-16,0.000886032569584047,0.165538809120265,0.829585474581606
0.99594056213404,0.00405938200683909,5.57236363891202e-08,1.79374353768816e-11,1.17264731364065e-10,2.81992459906326e-13
0.600669275195459,0.284336491403041,3.47137915639325e-05,0.00310045243919094,0.0201191394604984,0.0917399277102468
0.996980332243846,0.00134005058997204,4.6573945220184e-06,4.96871783432651e-12,0.00151428679352855,0.000160672973162853
0.953187752995342,0.0444643761180904,0.00218927566538521,7.57138280662587e-05,8.24312392354672e-05,4.50153880469539e-07
0.899277251954403,0.0803315690959473,0.0191516725533721,1.97085083018737e-06,0.000912067878860339,0.00032546766658722
0.997972834066927,0.00184414945140565,0.000173437043017135,5.11985076810091e-06,4.41473121936318e-06,4.48566629457132e-08
0.999904850013653,6.94240182305149e-05,2.52388215536101e-05,2.10233851374729e-07,2.76500830474101e-07,4.11880940436179e-10
0.994602246369,0.00439248620377393,0.00032491787849722,1.23672100006076e-07,0.000673832404596008,6.39347203324416e-06
0.882539513200131,0.0987617311174086,0.000515556078781951,0.0181831729838286,2.66134295662485e-08,6.42037606804314e-12
0.983667267798925,0.0161376697147546,0.000166188229487476,1.38169329427685e-08,2.39044281676919e-05,4.95601173235406e-06
0.99977870195592,0.000207891892318601,2.9405532066337e-06,5.38174851176394e-08,3.34984510899847e-06,7.06193596031204e-06
0.999110038994171,0.000889934731540992,2.531949300666e-08,1.60134007135388e-10,7.74527837269121e-10,2.01334263666767e-11
0.193279997444024,0.00022531319287363,0.806321566236039,0.000171743948231125,1.37819821753445e-06,9.80614844026683e-10
0.885105014672364,0.114674081380152,4.24899364406542e-06,0.000216653386267339,1.53299167516937e-09,3.45803966593155e-11
0.000360827542139233,0.0391284876755668,1.11283695804646e-21,3.16392230802808e-15,0.825590391655673,0.134920293126618
0.990955841229142,0.00904408159176031,6.86299049457074e-08,9.89011155139317e-13,8.53044394517931e-09,1.77599865698247e-11
0.793372628322728,0.200692838353137,0.0051370845231291,0.000786026433748252,1.04496629187694e-05,9.72704339570281e-07
0.815779163985851,0.184220504288304,2.50061729135857e-07,6.80686622445866e-08,1.25264760560823e-08,1.06897762681297e-09
0.99808778367577,0.0014142309986502,5.42548615839647e-10,2.95149432298261e-05,0.000457622721745596,1.08471180557803e-05
1.02580905205398e-07,0.000211718748932218,3.61490969889934e-20,1.05934675407887e-27,0.0300604448887056,0.969727733781457
0.965055126346365,0.0322786759802948,0.00258461411130694,8.15033834546658e-05,7.98711091932114e-08,3.07468921319026e-10
0.97807885139092,0.0210741534287563,0.000846831646092756,1.63503281232082e-07,3.08410188299052e-11,1.08785103708437e-13
0.993706540989349,0.000178528585506184,0.00611483498918039,7.05878400468672e-08,1.20506897534273e-08,1.27974352619908e-08
0.994741505558483,1.50876371154628e-05,0.00523343468821584,9.96553896946758e-06,6.36868002827895e-09,2.08535927193846e-10
9.99121547187239e-05,6.64835833777056e-05,0.000440115006413038,8.63154011968363e-05,0.733364863877649,0.265942309976644
2.43065782856744e-06,0.985230005464133,4.42421115102461e-05,0.0147233217629122,3.49653225115041e-12,1.19567095648716e-13
0.999960505092125,3.94599789699677e-05,8.5110153790306e-12,3.01724977152186e-08,4.74781228950149e-09,8.39655613350028e-14
0.999732418173147,9.47333582313379e-07,0.000265637803598731,1.64144119076009e-08,9.8014809427032e-07,1.27166301540177e-10
0.216152937053625,5.85383606132777e-05,0.0110956079479113,0.0051938274223898,0.715854651059739,0.0516444381557214
0.0639413303049501,0.419306471748817,1.2699228419428e-08,0.516752184380151,8.65898507496251e-10,9.55097952401452e-13
0.99939629137432,0.000187461841226404,0.000416193899690971,4.98846695766163e-08,2.99000517015685e-09,1.00879647445107e-11
0.557322504850027,0.00834673007197606,0.433922237388226,0.000402048882292008,6.44393490112775e-06,3.4872577717008e-08
0.999880240348771,5.31361499770505e-05,6.66158012971947e-05,3.00329473846341e-10,7.39627084613306e-09,3.35474431133341e-12
0.999977829771996,2.1890452859738e-05,2.79344554193246e-07,4.28030782911689e-10,2.54981149443444e-12,9.50902081638839e-15
0.871562609132912,0.128431232025763,5.51653372534385e-08,1.46263806219342e-06,1.40877429306127e-06,3.2322636326845e-06
0.997330799937685,0.00266903172954536,1.26695221733227e-07,8.11378022695929e-09,2.86167609871609e-08,4.90700624777209e-09
0.00651131604855305,0.99298953622222,0.000371839585262628,0.000127221565460661,8.61129861117147e-08,4.65517486201844e-10
0.000788640281551224,0.00549762090412215,1.00739799049274e-15,0.00010395688634127,0.922498276106864,0.0711115058211204
0.900869974402333,0.076003726033387,5.64665500229476e-06,0.0231204798547284,1.25644829613699e-07,4.74097202646031e-08
0.997768881800558,0.00205307476569271,1.61615207198686e-07,2.85889100423457e-10,0.000177678515939478,2.03016713433742e-07
7.05823326137083e-08,0.00100086864279787,2.7968498641925e-26,3.12945540379398e-19,0.0763996517450736,0.922599409029796
0.999829234489018,0.000169186767975732,1.4144474508394e-06,5.23620394393389e-10,1.63491018458667e-07,2.80916906646114e-10
0.998397833905918,0.00153730301159196,5.93446484146084e-05,3.49126392564306e-07,5.16656951160572e-06,2.73817159787383e-09
0.999808428867326,0.00012245842543747,7.03041921699319e-07,5.9817982745015e-05,8.57752964931007e-06,1.41529210751864e-08
0.0314882748297086,1.31461222511168e-05,0.000809496444163383,4.20890035200301e-05,0.906978743878219,0.0606682497221378
0.835691798741028,0.0690338501423319,3.86906657016578e-07,3.15420993021262e-10,0.095235357634484,3.86062600780365e-05
0.045824710202822,0.954134478231931,3.34518870045796e-08,2.50799227715665e-08,1.28022689425796e-05,2.7950764494424e-05
0.243033641913399,0.000289065644301394,0.756677292214319,2.26565648055237e-10,1.40230749755069e-12,1.17989676634996e-14
0.566758714732889,0.000457109768400687,0.0192030842072701,5.02367139480409e-05,0.412804569154336,0.000726285423156182
0.999359645375175,1.67179313023645e-05,0.000623636622283888,2.39417371388125e-11,4.71434036756427e-11,1.53217026778671e-13
0.985736597263942,0.00602448300727077,0.00823082871376769,1.82824803905827e-06,5.92144820930681e-06,3.41318771266854e-07
7.35384027453908e-05,0.000219829328172363,0.000209564387249498,0.000993766139043928,0.228617408243853,0.769885893498936
0.113414450664538,0.885596471913646,9.05044744789292e-07,0.00098373160708334,4.37894198153689e-06,6.18280068242001e-08
1.19800647249054e-07,0.000241963765832853,2.59226105620557e-05,1.44699025886633e-28,0.0300587553224048,0.969673238500553
0.998568204852661,0.00142572966130106,4.53269274681091e-09,1.35656087442397e-12,6.05403485653161e-06,6.91713198879747e-09
6.27044043353991e-06,0.00255845630968841,7.47072625677066e-06,0.000950686108740558,0.00796749167748964,0.988509624737391
0.999975421279143,6.80214319112469e-07,2.38876488202807e-05,1.08577174047188e-08,1.57926828801118e-21,3.3081532810235e-28
0.999989309365118,8.50277434762354e-06,2.1839225078163e-06,2.99221817928745e-09,9.45676515932478e-10,1.31915839421127e-13
0.971457243511918,0.0285418701405911,1.50784570451063e-07,7.00949358532349e-07,3.45839416845771e-08,2.96203917375239e-11
0.882513396363053,0.115358754056692,0.00211710611037342,6.40521827775372e-06,4.32086213001398e-06,1.73894744687008e-08
0.919331971594571,0.0322492056396469,0.047455816805691,0.000962978942558448,2.69090734603897e-08,1.0845885213738e-10
0.998368210475735,0.000628686453152188,1.95191384250746e-05,7.00286079448544e-06,0.000961882910963756,1.4698160929219e-05
0.927962017613175,0.00956485421739999,0.0624705225982039,3.28590166918992e-07,2.24319051756434e-06,3.37905364033145e-08
0.999931780580499,7.17795697871688e-06,6.09290427072953e-05,9.97434519294484e-08,1.26424275954156e-08,3.39350982854073e-11
0.999993992956781,5.96530624770206e-06,1.97149934734373e-08,2.16948558329642e-08,3.26967201642264e-10,1.54967686733876e-13
0.240027989810884,0.759726982827239,0.000238868497687242,6.05453165320329e-06,7.8137930083356e-08,2.61946069086218e-08
0.00082683574512844,0.00455992251553804,0.001086603981784,1.72580567623614e-12,0.96892981289008,0.0245968248657436
0.966626677231052,0.0234692189921299,0.00562689510317676,8.40960831354559e-08,0.00427206245761306,5.06211994553638e-06
0.000927786549559175,7.00514666730368e-05,0.00139909382919528,1.56299634088383e-13,0.973053904349559,0.0245491638048575
0.985382760641393,0.00038349971773175,0.0141178853820112,2.62530857205389e-07,0.000115302556756804,2.89171249836924e-07
0.979301871133975,0.0206955770647497,8.50551750324518e-07,1.70124941095555e-06,1.1353091786863e-13,9.51586365476515e-16
0.995354360911417,0.00464563908305817,2.17465026754702e-14,5.14539538533712e-16,5.40356681567289e-12,9.93039450607547e-14
0.000258843491365349,0.0012997144478997,1.43198489723075e-27,4.57187935301316e-26,0.752719648647057,0.245721793413678
0.994217617274822,0.00576044276563918,1.63567372650496e-05,1.08247747887917e-11,5.57873758818816e-06,4.47386031193626e-09
0.99864437091642,0.00135556652769077,5.05599335200126e-08,1.43806656949681e-09,1.05217076967283e-08,3.6181308841252e-11
0.0542061071911846,0.945782683918983,6.20376664463265e-08,1.11467332419632e-05,1.18730242024051e-10,1.94084577637146e-13
0.984912308746649,0.015087597244674,8.93014584693421e-08,1.64672777126955e-09,3.05376402813963e-09,6.72661215331432e-12
0.00324949495866051,0.996744151571592,2.33962142794152e-08,6.32954927657659e-06,3.85199977999032e-10,1.39057003096162e-10
0.00492489363777187,0.000120999608716634,0.000803212360284978,3.60412435126207e-05,0.950022469411928,0.0440923837377854
0.0104721588578026,0.00496888633212407,0.00118560219635381,9.50772963985235e-06,0.976350130194964,0.00701371468911599
0.999976749386427,2.31715633887422e-05,6.91172475017403e-08,5.27527773299385e-09,4.63000449441844e-09,2.76544167735554e-11
0.694278978041422,0.305483464952873,0.000221559717860216,1.59871645296163e-05,1.0085618438424e-08,3.7695885735141e-11
0.845438119306992,0.0664145527626416,0.0881357829663705,7.87801820920922e-07,1.07319707328145e-05,2.51914419895958e-08
0.41750541548835,0.00297955999161509,0.485673421900246,0.000123347088813013,0.0870424796759117,0.00667577585506504
0.654864155157481,1.85128992447447e-06,0.344670707503644,0.000463265157842999,2.08762224961041e-08,1.48846550456534e-11
0.031002348567514,0.0030245450988723,0.964298914133695,0.00167419213984355,5.77182251588981e-11,2.35686290437852e-12
0.0051125940824972,0.00663259143994559,1.02595971187601e-13,0.000507657039433703,0.420438837555925,0.567308319882096
0.975602804875753,0.0109420356584979,0.0126802811896699,3.34023382836799e-05,0.000461688743703247,0.000279787194092632
0.740502705614156,0.259496308413605,9.73282084539861e-07,1.47749122969993e-09,1.12042855374884e-08,8.37684487547345e-12
0.998608298111206,0.00139162709043986,5.8377224708074e-08,7.0308353103361e-10,1.55482975482242e-08,1.69748703317736e-10
0.832477392948397,0.0340046166837458,0.00172271347336988,0.00248101950635513,0.1257075711049,0.00360668628323257
0.503822187837294,0.426579566267198,0.0129548522733118,0.0146861786820727,0.0358035143534929,0.00615370058662963
0.998210801226311,3.83807638534806e-06,0.00178511646372436,3.29617005549162e-08,2.09992044302287e-07,1.2798340291136e-09
0.999971875797527,2.80436833741635e-05,8.05189154746934e-08,1.50977883896449e-13,3.25244643131172e-14,7.88452460429731e-17
0.989027351391483,0.0108446364680415,0.000126366217365398,1.61292243290361e-06,3.28894710306816e-08,1.11206509886533e-10
1.25408188200666e-07,0.000146921368357209,2.20482230524938e-05,3.32957962509402e-10,0.0292452542791972,0.970585650388247
0.887304724672486,0.11269526950319,1.49039251377311e-13,5.78863428619307e-09,3.54555059617185e-11,8.5593562744209e-14
0.989078577718145,0.0100661322999773,2.32498773645272e-11,3.15881954982469e-06,0.000851480382320463,6.50756757855566e-07
0.972854455960713,0.027125357110825,1.14512872846208e-05,9.96896892966712e-11,8.55949342702053e-06,1.7604806098047e-07
0.664555381565587,0.33544461842477,5.59983175476687e-16,1.63266081688714e-14,9.56816604317763e-12,5.85144498720746e-14
0.999901861992366,7.90155913130041e-05,1.90811703596222e-05,4.10649228322278e-08,1.76002975913567e-10,5.03542570519538e-12
0.940150398063665,0.0594792573305571,0.000344106167911083,2.62109873708603e-05,2.74377140510152e-08,1.27817071578431e-11
0.607349742313104,0.390505558812344,0.00187850292783992,0.000170608139220213,6.65486473893648e-05,2.90391601028558e-05
2.2126652485229e-06,0.999997735551705,1.81776188499631e-11,5.17648687656392e-08,3.5737160460298e-17,5.05531489664533e-20
0.999999750540571,2.15468022613038e-07,3.25677357063674e-08,1.41099917088353e-09,1.25055548351315e-11,1.66318158525834e-13
0.999996656132455,3.33547779209778e-06,8.37577410272915e-09,1.97697435354607e-12,1.19912950365798e-11,9.94794696213545e-15
0.793008686706784,0.206988567381692,1.11048903826099e-06,1.62585722166183e-06,9.54885605949066e-09,1.64072551515608e-11
0.000457391373810917,0.0124837114328647,0.000321581106158441,5.10300325719963e-11,0.309976326204181,0.676760989831955
0.999987330360947,1.96592221346062e-07,6.37659714961954e-08,4.09986441033888e-09,1.22563220806e-05,1.48858915961741e-07
0.985861909260406,0.0137653642590533,2.98838931930042e-09,0.000372723132833364,3.55109159697721e-10,4.20936827775901e-12
0.00396067982747863,0.000328949788662629,0.00120534749187815,3.48224342759599e-06,0.99148524273739,0.00301629791116258
0.968007973844491,0.0278925585166024,0.00406577906802878,7.7868721483612e-09,3.14056509174581e-05,2.27513308803098e-06
0.854828559243881,0.00261729709062219,0.00338449488198619,0.000635282459270152,0.10667771529041,0.0318566510338309
0.999954129668551,3.7456652289661e-05,7.83500498978813e-06,3.69816425281116e-07,1.91002492060301e-07,1.78552520527283e-08
0.760796688462863,0.048312087651399,0.190884554291096,5.7953588932583e-07,5.9114120440997e-06,1.78646708167515e-07
0.00142884671675162,0.00226575647205365,0.00237452761724148,2.51000645839377e-10,0.989676044915137,0.00425482402781562
0.739222653777834,0.260487305425238,0.000289876944844567,1.02430719533082e-07,6.13107350977729e-08,1.10628493573872e-10
0.996425611958941,0.0035743841470461,7.08152874011038e-11,3.35312690863586e-09,4.69865005394779e-10,2.06179009703096e-13
1.62261031023413e-06,0.000835926912166687,2.74741201329835e-26,4.63918214725481e-10,0.208740510065658,0.790421939947947
0.998585658268701,9.7087711276173e-05,0.00131725094686368,3.04804873846729e-09,2.49602572796963e-11,1.49722784108914e-13
0.997571773261509,5.74985428910914e-06,0.00242221441310563,2.62456718916074e-07,1.39387321891773e-11,4.38256246402658e-13
0.998869614074598,0.001096449761379,7.74372433401708e-08,1.21667040398289e-11,3.38477799907319e-05,1.09346221102714e-08
0.999690523815151,0.000303831785992161,4.94158702478704e-06,7.00485875327962e-07,2.3148458787601e-09,1.11113528192719e-11
0.00569618025020741,0.00018356973940084,0.000905315878894681,1.21964045084247e-07,0.959270862313693,0.0339439498537592
0.999154941939433,8.55013538707631e-06,0.00083650791526416,6.08492227508198e-12,3.80782794996489e-12,2.28181355529266e-14
0.999734478903763,5.53748410343335e-07,9.15718727398478e-06,2.65719055771255e-09,0.000255689740577172,1.17762785254607e-07
0.939045646052758,0.0600169180711105,2.65323198816989e-05,5.3060965566434e-07,0.000901817710998336,8.55523559522568e-06
0.995447841121341,0.00454534446934193,3.55369132197775e-07,2.57600817212155e-06,3.87369127568141e-06,9.34073731059215e-09
0.996154650391903,0.00384533153823518,6.03312953429339e-13,8.5823093198503e-11,1.79723084049335e-08,1.11267252386731e-11
0.455155152393959,0.540478428911045,0.00436554361462573,7.77887204789452e-07,9.28433170111101e-08,4.34984835749662e-09
0.954504093657225,0.000321866393379651,0.0431808355779221,3.65905272058343e-07,0.0019912420993196,1.59636688176309e-06
0.000765128054388972,0.999223477845636,1.29517552672939e-11,1.13940858998912e-05,1.10203575066452e-12,2.0862702960749e-14
0.988356854277081,5.08529906711521e-05,1.97874546823568e-05,1.34723950300721e-06,0.0104151935337286,0.00115596450433356
0.99998609431816,9.65621173121044e-06,3.10797956151885e-09,4.24634142064219e-06,2.05466829706109e-11,1.6238459399195e-13
0.99933746218891,0.00065933999166117,1.31550988722073e-06,2.40833997292561e-09,1.84099428201969e-06,3.89069198580177e-08
0.999653266142211,0.000339228237837404,6.59714601758393e-06,8.10293831423498e-07,9.77508023113643e-08,4.29299836390874e-10
0.999490985514826,0.000504165683138935,1.34345399458347e-06,3.5034496401536e-06,1.88504287470054e-09,1.33573427707867e-11
0.00834480787449875,0.943339030425102,0.016258042683434,0.032055161011391,2.65468358937168e-06,3.03321984891956e-07
0.227417910957988,0.00369853469112651,4.76497485321259e-10,1.38590570585053e-05,0.757719029692265,0.0111506651250653
0.981112527391249,0.0180944024846343,5.11424071141022e-06,3.01243846800411e-07,0.000787484204401487,1.70435156797101e-07
0.925456505023152,2.54213551429183e-05,0.0692252906502395,0.000470397264853227,0.00473250106783005,8.98846387823065e-05
0.949777772790753,0.0490013821987281,0.000705052998425449,0.000479366784908857,3.58738747262628e-05,5.51352457997033e-07
0.999984050915364,6.65468685818704e-06,6.42509977280589e-06,5.52598475745589e-07,2.31446837290544e-06,2.23115644718665e-09
0.989260809855793,9.16549431381937e-05,2.4482388730684e-06,9.75881457360352e-08,0.0106375002477648,7.48912628528815e-06
0.990423633004945,0.00709582355156524,0.00244948557554301,3.82548416412368e-06,2.65792757524521e-05,6.53108029953508e-07
0.327501954052272,0.67249645500334,2.00798600316831e-09,1.60103171023364e-07,1.38063530612309e-06,4.81979251920367e-08
9.96229577039502e-06,4.01171545769132e-05,0.000501250409360764,0.0003410044962127,0.648182518360919,0.350925147283161
0.991785011669584,0.000862236572022402,0.00718268100624745,0.000133506593352506,3.17361674017074e-05,4.82799139230377e-06
0.00119052391837733,0.019129566910293,1.04587673004044e-12,3.15695093117662e-05,0.951084404323231,0.0285639353377406
0.987653607554119,0.001100227118689,0.00696693868342668,7.51934562022644e-06,0.00421918174091267,5.25255572323093e-05
0.0276029575837481,0.971930599540223,2.5094155124664e-06,0.000463886186531477,4.35037623012901e-08,3.77022255956381e-09
0.999997782149482,2.21785005491188e-06,1.0180593246049e-14,4.5324805878726e-13,1.23973839375219e-22,4.13576798397139e-27
0.998710482138986,0.00128944877448476,6.75343871796746e-08,1.54702065674342e-09,5.11350229504388e-12,7.90287659584816e-15
0.494500688680223,0.505490193797585,4.99093202531678e-06,5.03092834148931e-07,3.61609347201648e-06,7.40386053981577e-09
0.999470389089183,0.000149346822740744,0.000354698958963614,1.37346017247135e-06,2.41054613132273e-05,8.62076270982394e-08
7.35062726673669e-08,0.000297243450510912,3.69554282337743e-14,2.27473930394964e-17,0.0136876925432584,0.986014990499921
0.175070755395902,0.00689019738827154,0.0176248404650876,2.32108443346782e-05,0.798237334257005,0.00215366164939939
0.320390421707965,0.0212142243837531,0.655097817808991,0.00329750871834414,2.6418536211628e-08,9.62410816141202e-10
0.936901361344759,0.0551332852574255,9.58352980619287e-06,1.95316875023413e-05,0.00775247966967639,0.00018375851083122
0.113243085099136,0.0140300119217396,0.00289459137671567,0.869831707086534,5.54429105336733e-07,5.00867699449367e-08
3.89412171403283e-06,0.000715721582078568,1.39919416594641e-24,1.41443147012763e-23,0.208765148500159,0.790515235796049
0.955563043131857,0.0438020748190878,9.56479912674224e-06,3.52859718998253e-06,0.000615572462682755,6.21619005515554e-06
0.173373994934518,7.54667246174223e-06,0.000219631217767431,9.37180445912524e-06,0.74592269855184,0.0804667568189534
0.789786306397997,0.10162065250837,0.101714877895711,0.00635577131551454,0.000520241434772417,2.15044763454088e-06
0.447721849588858,1.76275569088439e-05,0.0072969364605742,7.99018011477477e-09,0.54496129068374,2.28771973965541e-06
0.894873028547743,0.000396203853345166,0.000111076519677116,1.70410689499796e-05,0.0885201430997157,0.0160825069105689
0.784990309247613,0.0103899307482319,0.00153986590890127,1.17551292352414e-05,0.201740424769604,0.00132771419641465
0.997388046419628,0.00261007641510175,1.87636733583786e-06,7.69040068151252e-10,2.86858179409234e-11,2.08025132957576e-13
0.998263867781886,0.00173608812750563,9.26691453175475e-11,4.39313559581397e-08,6.61457980260273e-11,4.3712600175818e-13
0.993162999076125,0.00493729181818962,0.00148650385221365,1.56777434795616e-05,0.000172590381129813,0.000224937128862084
0.856713091066067,0.140569986295618,0.00261485637966569,0.00010070338918573,1.30731039105977e-06,5.55590728493349e-08
0.983893817186912,0.0160761118871687,2.81818869958698e-05,4.79544639885871e-09,1.88405370430102e-06,1.89772565020262e-10
0.129429494328505,0.784474468932495,9.83512823698281e-05,2.0132092231714e-05,0.0727479307177491,0.0132296226466496
0.000284081987168681,3.18726841922914e-05,9.81471265473336e-16,4.47569320648718e-05,0.944988616933511,0.0546506714630626
0.974350140233734,0.00238778143823802,0.00095420881144533,0.00103806103809243,0.0193053341697459,0.00196447430874471
0.0869824396272891,0.00710364047227306,0.000315321596763182,0.00224198978411893,0.867559731820204,0.0357968766993522
0.00175278844419785,2.71704139577099e-05,0.00066941031653081,8.44867592003265e-09,0.900015135644044,0.0975354867325941
0.99705596455727,0.00294268212163132,1.29012562467582e-06,6.30778703873418e-08,1.16300759716458e-10,1.3027112429484e-12
0.999912581837473,8.71109599549812e-05,3.06038021089097e-07,1.15853115931719e-09,5.88882873716237e-12,1.30521352537527e-13
0.999542119889977,0.000454733803595139,3.11721488886797e-06,2.89706169888605e-08,1.20352816701656e-10,5.68866297293794e-13
0.0659378232613311,0.0101170503793749,1.28902640502916e-12,5.76869968245809e-11,0.921255572892889,0.0026895534074286
0.000572893591720829,0.00462683570418931,0.000122120122413678,0.000877533932389235,0.114820998374772,0.878979618274515
0.860089311215967,0.139350268623402,0.000183012088309826,5.64423106261075e-09,0.000377019293198672,3.83134891105231e-07
5.67541582867433e-08,0.000155282004730923,9.65772066984562e-18,0.000891386307791238,0.0178316908887144,0.981121584044605
0.149797080669846,0.845626494256691,0.00379327443189343,0.000661757714063346,5.12801633869506e-05,7.01127641197377e-05
0.999961533406819,3.8466571968664e-05,1.36652898847446e-11,5.46118623440783e-12,2.06237710355668e-12,2.38587502173292e-14
0.587760257521657,0.000260585820553518,0.411979156534743,5.56111970524501e-14,1.22471023063918e-10,5.19780163562679e-13
0.99849117293945,8.25286677350426e-06,0.00147739145365669,1.02837675454891e-05,1.27164698502483e-05,1.82502724573219e-07
0.996582912979043,0.0034111377266993,5.13162719523311e-07,5.2360048651349e-06,1.99927223211735e-07,1.99449926906082e-10
0.587411025404406,0.412584498548635,4.47595276025442e-06,5.71623311597023e-11,3.6076015236473e-11,9.60908736417932e-13
0.970217171679558,0.029780558492556,2.26975591171006e-06,5.16528312567634e-11,1.95052794746449e-11,8.15696724927273e-13
0.95715879112968,0.0428411209428008,5.26211923255983e-09,7.77465159363261e-08,4.91521641133229e-09,3.66751724500821e-12
0.211167946020216,0.7860429437379,0.000552474918872795,0.00217119340568607,3.87390009567224e-05,2.67029163687289e-05
0.361959075290005,0.0361656630305537,0.584778927577802,0.0170706559522201,2.3943524594752e-05,1.73462482502206e-06
0.957477033176863,0.0424586674055442,4.97797112081278e-05,1.45124407008525e-05,7.21575424029035e-09,4.99289962983499e-11
0.997575430417604,0.000191124195026022,0.00222833284965049,2.36826822305614e-08,5.05279394515263e-06,3.60610918135774e-08
6.64789996083937e-06,0.99999335030799,2.34965289659339e-12,1.78969989813703e-09,2.19467700719052e-17,6.89965217751419e-19
0.808876334068726,0.183544201639204,1.85303566507727e-05,1.39071985231255e-06,0.00522634939396714,0.00233319382159997
0.999920623042279,3.94246745243449e-05,3.46710936795881e-06,3.63093754895244e-05,1.75748577372419e-07,4.97618374694196e-11
0.999938896458088,5.08706192465946e-05,1.01635347282149e-05,5.90250821882952e-08,9.9372770581441e-09,4.25577592445158e-10
0.999094572379325,2.66564247802709e-05,0.000878769680837475,1.50666150612732e-09,8.37039401170796e-12,2.57430864131228e-14
0.394248313771555,0.605749060368763,1.04422571274463e-06,8.30943781163319e-07,7.45931904420498e-07,4.75828350630278e-09
0.974345504434569,0.0251609375242475,0.000493329023596555,1.86519045294071e-07,4.12908605318356e-08,1.20768121905207e-09
0.999875137182282,0.000124544715400731,1.74598100261193e-07,1.12309122802371e-07,3.10148033329184e-08,1.80290993697667e-10
0.0198146034803589,0.972780927735521,1.59957581884032e-06,0.00690769515789932,0.000478939425166345,1.6234625235613e-05
0.413726236169204,1.82923566116503e-05,0.00452726525007058,0.00118709288319165,0.570499219600483,0.010041893740439
0.95458302079048,0.0454169614935424,1.40840243277253e-08,9.85541353325617e-12,3.5743033114837e-09,4.77942796957356e-11
0.998076808074212,5.6243592815592e-07,0.00192262106994287,7.87632535094341e-11,8.30329355125472e-09,3.78600472346165e-11
0.80714631787679,0.192481962120863,0.000250776383100427,0.000120428901712936,4.60174213929e-07,5.45433196685752e-08
0.000183337543442014,0.218053270217847,0.00572699286601009,0.776036399368373,2.78558706755444e-12,1.54183938856052e-12
1.00526406766716e-06,0.000266462040001887,9.53009146783741e-21,7.13240324656297e-21,0.0293376071624801,0.97039492553345
0.839828378627952,0.128766389015531,0.000254752308311417,0.000398348343855477,0.02884183428293,0.00191029742142006
0.925205713616155,0.0209513032762167,0.0538371518695899,5.81893069113818e-06,1.19723131365975e-08,3.35033963052242e-10
0.999312116252711,0.000687592136694981,2.51452098092346e-07,1.24906318519322e-09,3.88927601640504e-08,1.66726774127628e-11
0.996922824640448,0.00286838174699083,5.48105634709518e-09,0.000208561505317592,2.14754840091532e-07,1.18713473093871e-08
0.999748971577644,0.000225645585760364,2.42768737407484e-05,2.57448164200302e-08,1.07865707153898e-06,1.56096703470746e-09
0.982384098078277,4.92247392644566e-05,0.00150587685936639,1.9805366065097e-05,0.0160386394603234,2.35549670352567e-06
0.999797259606055,0.000202725017459208,4.45121753135952e-09,2.18665046154579e-12,1.09227249453142e-08,3.5613310459849e-13
0.974059861851271,0.0259307403035827,3.83095826401071e-07,9.01303583807805e-06,1.68319133794427e-09,3.02903923750008e-11
0.000141990533528739,0.00327945421366716,8.59117305499944e-48,1.31756662994541e-43,0.731823356404718,0.264755198848086
0.262850374793433,0.737148463318245,4.53328917037222e-09,9.08860228412101e-07,2.47813580600614e-07,6.81223547829962e-10
0.997293359893595,0.00268298891330076,2.35533042159756e-05,5.14766585598484e-08,4.09883667027143e-08,5.42386306446803e-09
0.997775809259353,0.000708301261042214,0.0014817901274623,3.38278544449961e-05,2.68960317275842e-07,2.53738019122508e-09
0.999967507429197,3.24296207807728e-05,1.08334219892266e-08,7.15434457281673e-10,5.05135074355406e-08,8.87658858696226e-10
0.0644620055495051,0.0622134279789471,0.812681979251078,0.0604885031501344,0.000143553877744317,1.05301925909928e-05
0.259554306752744,0.545287507885719,0.195094740316651,5.03030624958702e-05,1.2950720099008e-05,1.91262292013293e-07
0.278449248947815,0.00021908172834259,0.00354804198739969,2.07857701799412e-06,0.665417712123041,0.0523638366363837
0.962675988958035,0.0373220103141781,1.13604493502528e-07,1.88706878031282e-06,5.43474046577214e-11,1.65790313281806e-13
0.999998555308494,1.44469140132871e-06,1.46374001490551e-18,4.90092009725325e-14,5.55996977488279e-14,2.56676895534323e-17
0.989460023688991,0.0102275394752047,0.000142623027083362,8.64775395392246e-06,0.000160801543631687,3.64511135524139e-07
0.99994865557132,1.78090068673106e-05,3.35328911712749e-05,2.45887400735631e-09,7.14832585570484e-11,2.83956279801404e-13
0.985209529951763,0.014786767534057,2.54242756380631e-08,1.83654139964247e-11,3.67564211149331e-06,1.42942774022454e-09
0.999426153543716,0.000573719544940388,5.60204468309109e-08,7.085592455712e-08,3.48617494503581e-11,1.1076455167133e-13
0.00556345922228791,0.0028497032918021,0.000561038255305968,0.00163591351714077,0.928658948689917,0.0607309370235461
2.69277116439775e-05,0.00270598989484816,1.57976544549843e-20,7.36276908847807e-22,0.85718371947403,0.140083362919478
0.999878663778173,1.98403725245608e-05,0.000101395936890497,7.1408552401283e-08,2.82127410794372e-08,2.91118615159966e-10
0.353065165869103,0.640539753083016,0.00618869183657312,0.000203699065673624,2.67235510575316e-06,1.77905288852898e-08
0.999618186151074,0.000381798376247379,8.54921968214389e-09,6.6571431037018e-09,2.62897973223884e-10,3.41784817714954e-12
0.750949273790301,0.248926264340935,0.000115446619677813,1.47511770263189e-06,6.93720002278856e-06,6.02931360574463e-07
0.484952099262881,0.000469981381431345,0.506480520637482,0.00058645366666261,0.00723186149965986,0.000279083551883444
0.996889453493966,0.000240171302011943,7.59899917662437e-06,1.56650222989479e-10,0.00286277162100671,4.42718895739166e-09
0.910117979210049,0.0897861239844162,9.51783740873052e-05,7.11915894486654e-07,6.48259974310368e-09,3.2953005523529e-11
0.740159208387782,0.00777807318435274,1.81012390087083e-06,0.252059358708709,1.49114712663171e-06,5.8448127998475e-08
1.11358018285437e-08,9.12950926248062e-05,3.65376224317947e-07,0.000884303317547896,0.000469719523320663,0.99855430555448
0.923420280714906,0.01757754861266,0.000160045714525929,5.88175906810687e-05,0.0585914588086309,0.000191848558595716
3.94274472186545e-05,0.000462626222299907,1.33208554446307e-15,2.61847362393269e-16,0.974753289218798,0.024744657111682
0.996498940452137,0.00349869530205174,2.36143943164188e-06,1.42181119666384e-10,2.63839137226878e-09,2.58066620485597e-11
0.947038545978476,0.0515567858683348,0.00121804336382471,9.11906428256105e-08,0.000181937447741679,4.59615098011008e-06
0.896104337766652,0.0316089663531003,0.000920086094265522,0.00457996895218212,0.0443358636336869,0.0224507772001129
0.994978511723987,0.00502129334414555,1.89330900167849e-07,2.31709884802749e-09,3.27646699131251e-09,7.40177211176827e-12
0.997554874492186,0.000676819509822179,0.00175881485966424,1.19221966851278e-06,8.2060820433569e-06,9.28366155759653e-08
0.99969762948987,0.000209273218787232,9.30743089121914e-05,1.17972453618695e-09,2.15177593178435e-08,2.84946315577961e-10
0.99984163417484,0.000104971694498393,4.63999117854019e-05,4.72735268580452e-10,6.97336172705228e-06,2.03844143609347e-08
0.480191298820296,0.51980026298197,5.26995851187874e-08,4.95982876961473e-09,8.31346706570682e-06,6.70712544046669e-08
0.793766951417337,0.0292840953468703,0.000321004640729453,0.000327603476537989,0.175921412952605,0.00037893216591961
0.0041971759523826,1.32472724368702e-05,0.000739620883877463,6.02319989886236e-05,0.986477445300706,0.00851227859160821
0.0010826509218731,0.000324713724164808,9.97703847949066e-17,2.12987533905181e-19,0.898034193354258,0.100558441999704
0.99745746915002,0.00253834187491652,1.29918812050458e-06,2.88969288106642e-06,8.73222101099475e-11,6.73912487017681e-12
0.98292828691664,0.0153836989380228,0.00166832025426323,8.73541937634675e-08,1.94304044968194e-05,1.76132383126008e-07
0.995305765195722,0.000424214283539457,0.00420718632777334,5.19547647285232e-05,1.08290657372958e-05,5.03624992337476e-08
1.00887259748238e-05,0.00248146587022923,0.000330494265676575,0.000603128498404283,0.406956778451633,0.589618044188082
0.999963107686014,2.71262838017976e-05,9.76505761665469e-06,4.92045604434735e-11,8.93369586668962e-10,2.99930643709623e-11
