0.976547521733029,0.00288452066642698,0.000876707942605038,0.00645195660484567,0.0131698812920178,6.94117610754504e-05
0.129196998787323,0.00259660460032687,0.79973509441913,0.0684713021632072,2.09291581658909e-11,9.08349640526583e-12
0.0916294695197253,0.000306460354669557,2.31004113989737e-05,0.908040969419386,2.67299147954534e-10,2.75213707161268e-11
9.24308672592993e-06,0.000238208723425208,1.36263416361412e-21,1.90655807714785e-11,0.198184349657266,0.801568198513518
0.00372065768133858,4.75776087953936e-06,0.00084885853554685,2.71265492971218e-05,0.954609233916908,0.04078936555603
0.0332740250778023,0.000247433276188803,4.56127225356145e-06,1.6565662942322e-10,0.956581711167254,0.00989226904084435
0.0340559633992057,0.93706795312645,0.00291571399385696,0.019381742653001,0.00566875991473156,0.000909866912754415
0.00397351897653126,0.000958918850746562,0.000531848156069479,0.00723673595780166,0.930644829212242,0.0566541488466088
0.00028870208618214,0.0188300968338289,0.361309187191977,0.619572013888012,7.17865256557146e-19,3.19033214585869e-19
0.000660237502766853,2.28544560322322e-08,0.00137970493266469,7.68782900876601e-21,0.997891093775541,6.89409345717345e-05
0.0328617066694996,0.216932416445181,0.000196514069436192,0.0848482388638044,0.214348238820022,0.450812885132057
0.0113900214174595,0.00176692506983464,0.00132100391661688,2.1714837760681e-05,0.959187194475813,0.0263131402825156
0.0170685468881294,0.00117107477297526,0.000668872573703483,0.000261425233783252,0.684484333834491,0.296345746696917
0.00360940755186892,4.1592578688724e-05,0.000787191192097147,4.96585613526048e-05,0.928436441528749,0.0670757085872433
0.00214996568681866,0.00446671040399329,0.000780304662637818,0.000235444729070662,0.779856273773872,0.212511300743608
0.000873371008560656,0.00478408397747085,0.000380106885052943,0.000447543122520915,0.379185037101634,0.614329857904761
0.0743976618608611,0.00139208189665057,0.00102421604256964,8.28701714464384e-06,0.915602992500753,0.00757476068202112
4.90165168333187e-05,7.42591635867034e-06,0.000755894102048708,1.04427338157123e-05,0.990522297624479,0.00865492310646503
0.948467153229642,0.00786385914605234,0.0434932694493301,4.96370475734643e-06,0.00016957344486375,1.18102535417732e-06
0.0113792833181107,1.00455837460977e-07,0.988584492513137,3.48629901852425e-05,1.25386975836862e-06,6.85297090287617e-09
0.00208321882718967,0.000319204115791096,0.000972253079579449,3.28939900035426e-05,0.967439906926775,0.0291525230606609
0.13000452799404,0.00761072936596641,0.00098870307671842,0.000126222229488766,0.763333051353412,0.0979367659803739
0.407249059956107,0.0215951899370319,0.548382359945607,0.00401729882569142,0.017162747512897,0.00159334382266601
0.612834298793514,0.00868641454842271,0.00089336276085957,8.86692576867184e-05,0.376940869258852,0.000556385380665491
0.770874630178891,0.00109838106618086,0.000568250104807996,3.94300102791642e-06,0.221610001283302,0.0058447943657902
0.0132357182523431,0.00202960795516137,0.000778692624246215,4.00729022092525e-05,0.946801871707366,0.037114036558674
3.13382006852483e-05,0.00107930087789945,0.000216234113012885,0.000783763634420963,0.242821635680619,0.755067727493363
0.0634188423418211,0.245209101797043,0.0293235460067949,0.0161153573660106,0.57150023180317,0.07443292068516
2.77198850846998e-06,7.91050640952427e-05,2.02436573275834e-27,6.50685559469572e-26,0.182844878653091,0.817073244294306
4.75794690056003e-05,0.000122950646025116,0.00050843845092452,0.000385828846788592,0.588423335301191,0.410511867286065
0.00394543261636048,0.000252625756149127,0.000665627875231392,0.000121156262522482,0.789154054161103,0.205861103328634
0.00102740104390198,1.87311814893439e-08,0.00219303817174794,9.12050162202407e-06,0.986780462076013,0.00998995947553311
0.0119128268791082,2.24976317978666e-06,0.00817988710288388,0.0129295138857312,0.908060195803934,0.0589153265651626
0.180578766989301,0.000104581938567636,0.0443176998866979,1.19937178371679e-05,0.766214796559022,0.00877216090857406
0.000743153949629575,5.6117775816313e-06,0.00146423136418949,3.2654130606462e-06,0.994702079928018,0.00308165756752035
0.453925478067174,0.520240435571002,0.000494601023506125,0.0253302860925177,8.02027331151776e-06,1.17897248937538e-06
0.172153930737463,0.00909250037248741,0.00945299447235924,5.64950967856646e-05,0.757948576181033,0.051295503139872
0.000114171552709183,0.000136321723308007,6.55619433320518e-26,1.81818746280601e-11,0.311020418314801,0.688729088391
0.0388726965042703,0.000837796863521978,0.000959663032615769,5.32722397721892e-05,0.913627577449699,0.0456489939101204
0.357706565626795,0.0367332957078874,0.254989401906075,0.154346866813212,0.0968495854492528,0.0993742844967769
0.000994845730188256,0.00211997716247458,0.000675365524273424,0.000198921053693211,0.849112188356179,0.146898702173191
0.970437052182635,0.00134158475428118,0.0279949620701127,0.000224883361495406,1.50448660896129e-06,1.31448664488486e-08
0.0776726939240213,2.70019714997643e-05,0.125414420731738,0.000126500136892009,0.635263706377972,0.161495676857877
0.00262675226771849,2.56658701756178e-05,1.51430408194987e-12,1.38295871958371e-05,0.982625289677463,0.0147084625959329
0.0046052448753421,0.00019707300598293,1.13529321939161e-07,1.04372702268157e-10,0.967420643357945,0.0277769251270352
0.121722123723316,0.000274582121740446,0.762279355548116,0.0018830118682851,0.0324026899964791,0.0814382367420634
5.34800947213084e-05,7.03297220413625e-05,0.000814683178786366,0.000173531387152518,0.826996123627659,0.17189185198964
9.3905417819682e-06,0.00025843985233316,1.9579182901274e-24,0.000512506870685726,0.206047687664286,0.793171975070913
0.0186751242619418,0.00144800774135173,2.86736456707775e-05,0.000263450132961463,0.795867876331547,0.183716867886527
0.00291143151742934,4.96274211994472e-05,0.000525371041434386,5.56287634590326e-07,0.995982739432317,0.00053027429998574
0.0275840719129997,0.048507259789373,1.8369727805264e-14,3.04146426916729e-21,0.887125306095178,0.0367833622024303
0.000305631287210033,1.94490705064747e-05,9.60911616546292e-05,0.0344309946438919,0.720465508094353,0.244682325742384
0.474454456861427,0.00853518278478022,0.500933064177515,0.0159263448398733,0.000129802624582601,2.11487118223065e-05
0.950698638216319,0.026075531286918,0.000213542513214817,0.0227373080055498,0.000256681153709436,1.82988242891464e-05
5.67293520423011e-06,0.000128138791680324,1.8422276474408e-22,5.59406981228133e-22,0.43699565998515,0.562870528287965
0.151215682611631,0.103779754442503,0.0783608606974269,0.297497654937821,0.301045400538429,0.068100646772189
0.000536159253061379,0.00444654914251255,1.01510571871062e-22,8.28630202477216e-19,0.99283288752511,0.00218440407931632
0.844085662855273,0.00288579160509077,0.119830761946388,0.0331977826386934,8.69815321679421e-10,8.47395167313595e-11
3.61514066051304e-05,0.00191239355965575,0.000852758304499219,0.000122577401423919,0.878290853507598,0.118785265820218
4.18198734092574e-07,0.000267050382607282,3.46783366457649e-21,4.24690924102594e-21,0.094278223710949,0.90545430770771
0.986652448071061,1.38409836895879e-05,0.000342026879216832,3.06176148491335e-06,0.0127767511941817,0.000211871110365875
2.42349081124174e-05,0.000316102485981805,4.12603118614996e-18,2.95158291503387e-22,0.511322070852334,0.488337591753571
0.00552017934272275,0.000195439420584479,0.0537699417743949,0.0321074881897503,0.736197791195747,0.172209160076801
0.0001177761301083,4.23503253402828e-05,1.17687381477575e-21,7.3741252660856e-18,0.982712527473241,0.0171273460713105
0.0485531698312178,0.00297850597649978,0.0293802919787301,0.00613881697368697,0.912774445188271,0.000174770051594587
0.962013877311129,0.0229736261039253,0.0104421936350598,0.00205348391709931,0.00186767380253049,0.000649145230255908
0.0131767760430964,0.0010119318640332,0.000657320713100098,0.00046097025848457,0.596038082532746,0.38865491858854
3.61959156440856e-06,0.000173526446279261,3.06644773302194e-21,4.59154844922153e-11,0.166062064603781,0.83376078931246
0.999822967651358,1.82525149034766e-06,0.00017422330055966,3.05478730145317e-10,9.82153213539642e-07,1.337899517836e-09
0.997678612811442,0.000414267673479623,0.00186770805041273,2.78108535812694e-05,1.06283734941273e-05,9.72237590356815e-07
4.7341593036775e-06,7.8813116949716e-05,6.06237689579757e-26,3.86120353066794e-11,0.181064370035239,0.818852082649895
0.0353406804607959,0.960728550534176,3.15193192613994e-05,0.000697525573078369,0.00168996663813898,0.00151175747454951
0.0677537432761014,0.0017161276640657,0.000745129698373801,8.88814917801849e-06,0.922540066814088,0.00723604439819274
0.0187856134024625,0.0487422228250074,0.629807299951529,0.302664863820862,1.24355912236203e-13,1.55147325612287e-14
0.61842891507093,0.00020068046303471,0.379873955549624,0.00148592401642813,1.0224353392213e-05,3.00546590983926e-07
0.627359028822483,0.0730365940414403,0.277082015071291,0.020480116766393,0.00195295882886994,8.92864695230693e-05
0.177632449925782,0.0741688711555084,1.77998296436181e-18,8.98753142586085e-17,0.707688203758937,0.0405104751597722
2.71346706830048e-06,0.000153870150000043,1.97152854881572e-31,3.62244305194387e-11,0.157092671522522,0.842750744824185
0.0923935265149255,0.0184776315830172,0.000432898006413345,0.000109543622198316,0.64519063391324,0.243395766360206
0.00133099383620505,0.00038166345895709,1.17501848750951e-11,5.73546454025359e-06,0.993208989277778,0.0050726179507695
1.82721855505457e-05,0.00022748568358679,1.1268618663136e-09,0.000420100342344885,0.494782343331698,0.504551797329958
0.00412865859729417,3.61251717367777e-05,0.00102501739108898,1.15086616548932e-05,0.982155443460485,0.0126432467177402
0.000172879213613869,2.55101248643219e-05,4.47767963030278e-12,1.60903832366006e-14,0.897025350401452,0.102776260255576
6.84065541738532e-06,0.000133753870068149,5.26518828212855e-24,5.15643719284717e-22,0.18033200869615,0.819527396778365
5.9067558846422e-06,7.28091220621117e-05,2.77793620940442e-29,5.37963773889026e-26,0.194133065531366,0.805788218590687
0.997284274720191,0.000853248955352086,3.21973653685878e-05,1.38295090785405e-05,0.00181642302695781,2.64230514589134e-08
0.997612074928504,0.00197398324482118,0.000387876458694011,1.06900240251352e-06,2.05522759137589e-05,4.44408966487018e-06
0.000262400556172243,0.000924418344770702,1.97205377686126e-11,0.000529040600707314,0.787322263948156,0.210961876530474
0.987500650967621,0.00170879017794687,1.38264154360159e-08,0.00933495068315453,0.00144192244035306,1.3671904509063e-05
0.0579964297128949,0.177918503462089,0.738594294173263,0.0254907611400324,9.27432425865799e-09,2.23739645548953e-09
0.990459185218177,0.000819484377914773,0.00228021361770055,0.00643902219579229,2.00415346344342e-06,9.04369521235782e-08
0.814700048748421,0.0234401850726841,0.140479195693021,0.0159951926446016,0.0047047163556518,0.000680661485620336
0.00586743066878582,0.00119791434263769,0.00127644999763557,9.93460245789814e-05,0.982153752852236,0.00940510611412602
0.000705688868737,4.21774030109338e-05,2.72174245174441e-05,0.00017527884375222,0.722613225807862,0.27643641165212
1.30488479839905e-05,7.95498435788745e-05,0.000239374713884168,0.000793717243630006,0.25834117309271,0.740533136258213
0.0611970195063627,0.121893052733631,0.247139779922063,0.569768456722482,1.100736770956e-06,5.90378691116859e-07
0.671322198139171,0.00170659459317349,0.291906201477017,0.0350648942371436,1.08942999065815e-07,2.6104957992435e-09
0.00175098986654641,0.018005021093664,1.5792669947911e-06,0.000897281050454146,0.0668806163470006,0.91246451237534
5.27674289930327e-06,8.9740185781341e-05,1.09665320978424e-12,5.39783631342902e-25,0.160028771166465,0.839876211903757
0.0308335526043919,0.770774391463074,0.175963547113669,0.0169810585818547,0.00308413324100219,0.00236331699600784
0.00905294845773842,0.000502347817439788,0.00109432799348058,1.72619854845207e-05,0.975889910718107,0.0134432030277494
0.987695523556942,0.00613717132571903,0.00595871763810424,0.000208584895768686,2.33945615919079e-09,2.44010341414872e-10
0.941671714684616,0.0326283486937665,0.00729917812460957,0.0139235236062862,0.00416720783096293,0.000310027059758775
0.399813866899357,0.51693526356894,0.08302360871871,0.000227160357890473,9.87249101224591e-08,1.73019336641387e-09
0.999974084924846,3.33700030093756e-06,2.19006879354831e-05,4.63288891600707e-07,2.13347679796446e-07,7.5034590897466e-10
0.00119607008595275,0.000336620827629499,0.000902259329703561,7.78868626771995e-05,0.928346378257591,0.0691407846364462
0.0512042304062737,0.00195204976700201,0.0695904651664429,0.000310801099805269,0.505453156101166,0.37148929745931
0.0779505539080294,0.0863724207518682,0.83518300440645,0.000107047159209472,0.000312336667345783,7.46371070974161e-05
0.955115518476878,0.0401072195674703,0.000552873583456256,0.00422429208596736,8.73371179101248e-08,8.94911055088106e-09
0.321750704277702,0.323282632671081,0.271475361636739,0.0407298553076413,0.037717426569247,0.00504401953758885
0.00568535426830071,3.61374423926749e-06,0.000215161516507092,4.4034496849185e-05,0.931066790199276,0.0629850457748272
4.4789024436198e-12,0.00109296545243392,3.09250294501053e-11,0.998907034512162,2.35431436336803e-20,1.52021184968316e-21
0.876198824722045,0.00370576695531252,3.68705465083801e-17,0.00422466389109029,0.115366153210838,0.000504591220714459
0.00459739382970326,1.42494731513827e-05,8.58936203289349e-07,1.23942893973626e-05,0.983440101762172,0.0119350017093733
0.00252429428350072,0.00175787202222954,5.33896989274165e-11,2.26495339274798e-17,0.974092238338726,0.0216255953021544
0.000242233201474473,2.64989671418961e-05,3.12616051140667e-06,0.000830318724454251,0.109821563679687,0.889076259266731
0.418783395194276,6.68721685370832e-06,0.580016641566935,0.00119212308229459,1.03180111568642e-06,1.21138525201509e-07
0.053418479313087,0.00701930584175577,0.934942707971294,2.26431406971359e-05,0.00208486066769767,0.00251200306546846
0.000711403760379415,0.0689428146315953,1.06943382799833e-06,1.07022862625767e-09,0.385143861816873,0.545200849287095
0.212254645027374,0.785157976827116,0.00194513686568338,0.000642241279824279,1.98559869180092e-15,3.30070391771407e-16
0.0650129580946215,0.0152758324059096,0.00289901931557725,0.00244307797770697,0.801716760761516,0.112652351444669
0.00929477656505713,2.61166116809524e-06,0.990342396478518,0.00025996983019758,9.59473651562095e-05,4.29809990337761e-06
4.49072930779613e-06,6.30413747928103e-05,3.22018044198335e-17,5.15763380863804e-24,0.1711806858091,0.828751782086799
0.996641559718666,8.73670328396363e-06,0.00332718683064878,1.48166531927476e-05,7.6145291951388e-06,8.55650135801133e-08
4.26923170801119e-06,0.000119927077224389,1.61262638587129e-22,2.74138070426025e-23,0.177564604379228,0.82231119931184
1.05625698191961e-05,0.00012439861964671,0.000409587884211143,0.000487899028206441,0.452768741284102,0.546198810614014
4.14922966101223e-06,4.57626458063487e-05,3.67518958029708e-17,0.00040862221831004,0.405562670240936,0.593978795665287
0.0224526349957785,0.000830196163369458,0.00128549892818193,2.2511975621508e-05,0.956001835692432,0.0194073222446168
0.990167762184077,0.00678915131590151,4.8731960129878e-08,0.00304298596925799,4.21191010879941e-08,9.67970200959778e-09
0.805230646656317,0.000296238542266584,0.193742576707245,5.54472626685275e-05,0.000605166472712157,6.99243587908299e-05
7.26673539934327e-05,0.000104238550288148,6.83273948117478e-23,1.25625327181413e-25,0.709618056491383,0.290205037604336
0.000341015766172062,0.000125392507769704,0.00105322477201196,4.31469723586751e-05,0.957377365697,0.0410598542846878
0.0767631929344839,1.02227735573403e-05,0.922953778578079,0.000272304337138661,5.00292768775962e-07,1.08397271081956e-09
0.054120091020373,0.000246932662172136,0.00308262695654773,0.000144472024229026,0.764544506202685,0.177861371133993
0.00493494070397496,0.00150815439951181,0.00126799922518115,7.81853125116846e-05,0.927649518374622,0.0645612019841985
2.660918458995e-05,0.000352163816671341,0.000199798267074095,0.000728479929690337,0.222666758743344,0.77602619005863
0.99463603299155,0.000964236950148055,0.00438122073528251,1.8476268322779e-05,3.26556857161749e-08,3.99011451651032e-10
0.559038355148392,0.0984609095643423,0.000361058936624619,5.33926855213196e-10,0.292205592919375,0.0499340828973395
1.52405520815654e-05,0.00592022531822357,1.21681440136153e-26,4.74006344580557e-21,0.465253479136559,0.528811054993136
0.36993119677898,0.0583897096537922,0.570784720044439,0.000894372760550612,7.39116466634823e-10,2.3121592040518e-11
0.752816627633505,0.0575160657489216,0.187921238417135,0.00174332922418864,2.38603575139167e-06,3.52940498325558e-07
0.149593696037174,0.00261417064368201,0.82414171826131,0.0236504147579162,2.48439235110428e-10,5.14778224447817e-11
0.0166858124947994,0.000700930105416394,0.00116720050940397,2.27742349507617e-05,0.976144494909716,0.00527878774571353
0.997924417334682,0.000264451217202726,6.22730414294381e-09,1.03837752577424e-10,0.00170536930198148,0.00010575581499224
0.782128474598433,0.00206778805172219,0.00025184180456396,1.47430559485204e-05,0.200698822090864,0.014838330398469
0.974952918708583,5.06925197274066e-06,0.0249945161007124,4.61220595531672e-05,1.33346045038386e-06,4.04187285050195e-08
0.0159455105470814,0.000715854468543272,0.000939480055952802,0.000137151554089227,0.850973552201185,0.131288451173149
0.626779760810126,1.10887720692285e-06,0.373209768034031,8.86527827466548e-06,4.82409734758963e-07,1.45906269954734e-08
0.874033280405782,0.000885995210888383,0.00284457310370083,7.00977382331477e-06,0.121459817522304,0.000769323983501261
0.501773002799466,0.0405151804845347,0.26840815167365,0.189291194931681,1.23088202412976e-05,1.61290426250399e-07
0.769736695667065,0.00183863370361263,0.152287966759717,2.14890813451646e-08,0.0761298068653121,6.87551521134411e-06
0.0911815886868798,0.0101724354191083,0.294904057077231,0.603739245864813,1.34693928015506e-06,1.32601268735645e-06
0.993414721828218,0.00245975590018491,0.00407461671941338,5.05604972732139e-05,3.16173463167919e-07,2.88814477554751e-08
0.281581939888382,0.00256233789898796,0.00105454004780845,4.02279464602767e-06,0.711336399696564,0.00346075967361237
0.00223907357761852,3.18616841142879e-06,0.0017238482884912,8.07375051790314e-09,0.995990192634078,4.36912576500549e-05
0.435978533214783,0.00797887895622136,0.468152496385018,0.087657474181572,0.000181435734484363,5.11815279210118e-05
0.562978469164889,0.00740326652028695,0.429617515109372,1.48177560873468e-09,7.42432340427895e-07,5.2913364158985e-09
0.0578879164800906,0.715320756034528,0.000176967840666242,0.0172211143040364,0.124095090974234,0.0852981543664442
0.00080961913252645,4.97394962502226e-05,7.28235787976079e-09,1.48245062935358e-05,0.985225319227141,0.0139004903554309
0.0942314045421603,0.742639093700283,0.0161656640781966,0.118968445010093,0.005948927306432,0.0220464653628352
0.0299482689867414,0.000429506524477328,0.000791444132711324,0.000168199737195219,0.846119922855231,0.122542657763644
0.02056200601372,0.0483600502430326,0.276839445647424,0.652266331281878,0.000374704062085323,0.00159746275186
0.862146168949003,0.00688539726343155,0.119787239664975,0.011162084888913,1.88040798926318e-05,3.05153785614548e-07
0.000365241151715596,0.124013773182171,0.000296646977580016,0.000463122921033436,0.52100464040144,0.35385657536606
0.00273892557083386,0.00775984559126036,0.000350291676986985,0.000827343797767883,0.339080684402012,0.649242908961139
0.000183132548113181,0.00122979618768521,0.000891726230283289,0.000106884146451426,0.904255587103687,0.0933328737837797
8.87380445188889e-05,0.000470750101533367,0.017176975586884,0.0124437979761473,0.788419405991058,0.181400332299858
6.84733714973438e-06,0.000110745252724711,1.9784107932632e-24,2.58588309020137e-11,0.186850750091819,0.813031657292448
0.518759717726605,0.0636158427421337,0.000473397653459627,0.000130108104389749,0.31135662850351,0.105664305269901
2.74299784496035e-06,0.000195273310253104,5.61757795182854e-25,6.43412456618793e-29,0.16208603771359,0.837715945978312
0.0242703496486473,0.00621518878035161,0.00210416609490873,0.842741366631987,0.0636472559054082,0.0610216729386971
0.0794699580873846,0.070793827185012,0.695732195926666,0.154003838456719,1.65153705144712e-07,1.51905128829422e-08
0.684992764506618,0.00491169122963253,0.0485852195552293,0.0037701416106004,0.244591912821847,0.0131482702760734
0.996028571816672,0.00397138200789973,2.83762264583336e-09,6.91428495662954e-13,4.0231717295961e-08,3.10539727751701e-09
0.815862698598087,0.18300836168262,0.000230040650474938,0.000898741790032016,1.41818972497314e-07,1.54598132763466e-08
0.678174621654398,0.000323783953535457,0.320809506967266,0.000692087338427924,8.5702243129226e-11,6.70668695385571e-13
0.0448082782545719,0.00621912355229824,0.00400132226325693,0.00296710137376624,0.756018965006655,0.185985209549451
9.98513827533528e-06,0.000219625841634256,6.73242534482312e-22,7.93946033403816e-28,0.176157023907155,0.823613365112935
0.962904370463527,0.0370928284102745,2.18717952312478e-08,1.42926199450395e-09,2.77780478874504e-06,2.03527255324944e-11
5.75194896849753e-05,2.08980966427492e-06,0.000705070410188543,0.000112964311520619,0.873469754039816,0.125652601939126
4.48687187527944e-06,0.000191243996386879,1.40955781179399e-19,1.06578483242717e-27,0.17650760140339,0.823296667728348
0.988932179170238,0.00152877282263733,0.00939021421556336,0.000145648151255183,3.151151371284e-06,3.44889343474081e-08
0.00832519778319571,0.000301780222126062,0.00043739025644751,0.00275983669377803,0.887816842888729,0.100358952155723
0.0483491734216424,0.129668211790027,0.00125681965151308,0.00319932313469459,0.711588135102587,0.105938336899536
4.4094063952061e-06,0.000151632530612305,3.52589169609644e-28,1.70801012311858e-23,0.182463201192946,0.817380756870047
5.35673883972413e-05,0.000174486189558623,1.14280953049038e-21,0.000159529125339305,0.843604950418255,0.15600746687845
1.33225756807559e-06,0.0141319096144078,2.915599201813e-06,0.985863842528822,1.34570919734161e-20,1.77715840628679e-20
0.0174849093339949,0.37503101166124,7.51967519123875e-09,0.607484032399639,2.84244867932921e-08,1.06609638946373e-08
4.47218915866932e-05,5.06165599915149e-07,0.000561007154280366,2.28178080946824e-05,0.973373029977458,0.0259979170029802
0.282767967390839,0.696789417254219,0.00032768843306679,5.95630074907e-05,0.014588575291949,0.0054667886224351
0.333481900165956,0.00242896913074313,0.0110704009194721,0.00137929869764393,0.615239733067115,0.0363996980190697
2.12032963771598e-05,0.00308250070969052,0.000499425841088716,0.000317543727170734,0.611171528093982,0.384907798331691
0.000564945559608789,3.23658356209836e-05,0.000843477338018878,0.000199344290926126,0.798138058818407,0.200221808157418
0.000329924066184597,9.97460228349119e-05,0.000544722284239138,9.82443334281364e-05,0.879083151206482,0.119844212086831
0.729680475058174,0.0537181703833992,0.214193035690816,0.00240725661889344,7.0769365122666e-07,3.5455506663092e-07
0.518614360662386,0.000542557239228223,0.0014193268679947,2.7827503720595e-06,0.477273382725567,0.00214758975445182
5.47870931452226e-05,0.000572981361472104,8.87029110435291e-15,0.000396887978355601,0.519129919060776,0.479845424506243
0.89071482746367,0.109285171752558,1.51083185621625e-12,3.14223507177872e-12,7.70219792110872e-10,8.89901049265142e-12
0.932851230644744,0.0647073989194386,0.00109857356986874,0.00108113397856602,0.000253756781843555,7.90610553915502e-06
0.590529419410866,0.0197767310562217,0.0839850729099329,0.305705972817828,2.76703230970957e-06,3.67728420118171e-08
0.137329185401681,0.00411556982700804,0.00358090096568309,5.77433530440695e-05,0.843522384764009,0.0113942156885751
0.572996293371154,4.62333764843325e-05,7.21870726593771e-05,0.426444860493978,0.000429366514811144,1.10591709130553e-05
0.00196898798735919,0.000308998819294848,0.604319794528246,0.391376253775564,0.00195229920532696,7.36656842082155e-05
0.001006024188303,0.000587771500028643,0.000971330419584826,0.000121167032439955,0.887073884057809,0.110239822801834
0.189116981945213,0.0196521128678369,0.75694989833164,0.0319583763086523,0.00177222267427578,0.00055040787238205
0.300819204489135,0.000182015158359016,0.0953721887344854,4.4682516596809e-06,0.596406432283897,0.0072156910824641
0.561731434363649,0.0778865806733073,0.354897535836657,0.00548444794603881,1.03759322155087e-09,1.42754525730173e-10
0.811039695975873,0.0812841851823115,0.00234267914733247,0.00647305775587227,0.0950450608229402,0.00381532111567067
0.893763962571446,0.00462886120218019,3.16947658801768e-09,8.82716140097244e-16,0.100584150094317,0.00102302296257854
0.794047559620756,0.0661769288745265,0.0226059224928528,0.000434319579068455,0.115249624890074,0.00148564454272292
0.00118859318966476,1.95636269160541e-05,1.8745755092048e-11,5.2465297771644e-05,0.950877158933174,0.0478622189337273
0.0303014537981464,0.00563522084903568,7.78652363964702e-06,6.88150843926332e-05,0.900483081465081,0.0635036422797045
0.0391629718432318,0.00379931514558221,0.000356194948521681,0.000523761680289212,0.361509957825956,0.594647798556419
0.00177443823493944,8.81723050602677e-06,0.000643796503949457,0.0018331747484554,0.97815481573589,0.0175849575462597
0.000472156184382077,5.21969903596302e-06,0.00122270857261291,0.000121580773937511,0.82712834997561,0.171049984794421
0.0147914826140986,0.00221071040997258,0.00997422972509953,0.00050039916152658,0.969105844791685,0.00341733329761818
0.591469686039809,0.048012270456322,0.011272426991107,0.00268650324861813,0.291699953514605,0.0548591597495392
0.893145212847901,0.0288699970151518,0.0765453288574339,0.00137088998390819,6.60321583251917e-05,2.53913728023305e-06
0.667250336407611,0.00316151395216466,0.139454787993291,6.29915494148828e-05,0.166633434945093,0.0234369351524244
0.200170441436453,0.2830574041219,0.000629976481661288,0.516140989154107,7.48331048062037e-07,4.4047483153094e-07
0.181778861584886,0.000360056798366489,0.635824659259745,0.0292135382297149,0.14792579788604,0.00489708624124669
0.00271039379416166,0.000153774986457907,0.000416815099185219,0.000638064854705289,0.931067909962714,0.0650130413027756
1.44547746671501e-05,0.000101745940993286,3.84379266729185e-26,0.000534976315617615,0.205151312564229,0.794197510404493
0.0999777124021671,0.831973109019896,0.0151097694952523,0.052939408191125,8.62748655810951e-10,2.88113264390839e-11
0.371448031126794,0.303375758931357,0.00297072426410717,0.321625627462334,0.000523535681081868,5.63225343248421e-05
0.0101262399757013,0.000462362204327692,0.958953082062006,0.0301507188535693,9.1873056736466e-05,0.000215723847658886
0.125635878829122,0.00896361877497932,0.00111848788577208,2.40480381559852e-05,0.847122619595289,0.0171353468766811
0.95372945912037,0.00496247352075596,0.04121206718614,7.72295868462761e-05,1.82983006402033e-05,4.72285247793554e-07
3.90539033603995e-05,0.000151416527658164,0.00012675348427233,0.000646277031248137,0.147428772353147,0.851607726700314
0.000262895733748249,0.999737104266249,3.52351299408754e-19,2.2281938006372e-16,1.22382183120357e-15,1.77470212999831e-15
2.69420701578462e-05,0.000241325502534209,0.000809698163979248,0.00035023032631669,0.814038001412086,0.184533802524926
5.78016986194294e-07,0.000445068814892267,2.33456334097777e-05,0.000524343838831147,0.0267512411231093,0.972255422572771
0.00307351012880817,1.69063055539616e-05,0.000629414111576546,3.13569506400364e-05,0.958293246737966,0.0379555657654554
0.00399282508070822,1.22374102563183e-06,0.00102508675074009,1.0831006636527e-05,0.984783953448258,0.0101860799726314
2.10205182317641e-05,0.000308371503955167,3.15984064729159e-22,2.47136595743198e-21,0.497242787464462,0.502427820513351
0.000415368254770936,6.20809299263565e-07,0.000947659318217803,2.14612742022996e-05,0.9847209412978,0.0138939490457101
3.56596311120553e-08,0.000595512781031421,5.35908577403394e-31,6.69255141647881e-10,0.139356732670965,0.860047718219118
0.649591332428263,0.348895230011185,2.79893256430461e-06,2.66153347918696e-08,0.00149587783508249,1.4734177570156e-05
0.910868982062125,0.000953460662311053,0.0658347948351155,0.0223056102991144,3.68325840639484e-05,3.19557270775917e-07
0.00137600666749124,0.401239291709245,1.55406762007868e-05,0.597369160947056,6.206946007709e-15,6.46062891456638e-16
0.999973482769866,2.64428581326514e-05,2.67480630939966e-12,3.59154682993057e-11,7.07349308618257e-08,3.59847983210611e-09
4.51262793998439e-06,0.000169511499440228,5.46035916086279e-26,2.76184959028696e-11,0.181366851280228,0.818459124564773
1.8452483409018e-06,0.000181449250242263,1.43282364904125e-32,8.86534553378816e-12,0.159447154421338,0.840369551071214
0.199043627412793,0.000120683683323288,0.797244792581883,1.05655598637513e-06,0.00334508865026282,0.000244751115752004
6.60478103513678e-05,9.50721954889824e-05,1.59528114917465e-10,5.16039521815708e-05,0.948868344812906,0.0509189310695439
6.76963454440876e-06,0.000203701914898541,3.52995144571472e-31,2.75277605456772e-29,0.169861739751855,0.829927788698702
0.0134845437461294,0.0790179846504105,0.109184154995261,0.766582503274958,0.03036237744128,0.00136843589196117
0.909822240687064,4.94539979157662e-05,0.0447354596805292,0.00105520774518272,0.044317645884637,1.99920046709185e-05
0.00390612555281999,3.06462395629866e-05,2.0946842488124e-09,1.07146366601183e-05,0.985208406217635,0.0108441052586372
2.33484152610406e-05,4.01450160026678e-06,7.85077303735496e-09,0.000167222573422585,0.742432050037559,0.257373356621384
0.00306467665998909,0.00851376963445793,0.00918137581393359,0.978698352279503,0.000375332597897397,0.000166493014218621
0.7284902005862,0.257439250632039,1.35153753960035e-07,7.63400613976469e-07,0.0135311110209924,0.000538539206400553
0.0119240866606458,0.985280459073848,1.15304401864077e-07,0.00277195696423373,2.02497732417245e-05,3.13222362907455e-06
0.964510176594214,0.000782057469187509,0.0216443592026074,0.000259445076936161,0.0120012849478489,0.000802676709206418
0.29623350553065,0.00901823685667226,0.0542435981842404,0.54503473228926,0.0849545397060997,0.0105153874330778
0.97744951532376,0.0171369932878432,0.00355399215148804,0.00184750462028194,9.69439653737531e-06,2.30022008965932e-06
0.733065953032631,0.00838236220237025,0.257881098215629,0.000668242587818993,2.24470668342415e-06,9.92548677483869e-08
0.000542031765949066,2.41417462733461e-06,0.000641135070736008,7.44534746701961e-05,0.943851952304601,0.0548880132094166
0.251769696087036,0.0117601310314986,0.00132131195846885,6.90807710422934e-13,0.716660015869281,0.0184888450530257
0.938437649728018,0.0306877425100164,0.0134588825136687,0.0130951041312293,0.00363960016650387,0.000681020950563987
3.17156687119137e-05,0.000870957994772222,3.5344558307245e-16,0.000206930373974265,0.79320321908704,0.205687176875501
0.00154073436033967,1.42233944917545e-06,0.00206834475250137,1.23931053041642e-06,0.99511501260829,0.00127324662888941
0.0219873167540491,0.475483938790607,0.200577724211007,0.301951017168838,2.64346472485873e-09,4.32033407416126e-10
0.144695821985568,0.0176451042787595,0.000956682172304607,0.00115040475445766,0.761282719681409,0.0742692671275005
0.00764885041424646,0.000180335085367346,0.00113277326215147,7.68989927147868e-05,0.966851499462433,0.0241096427830873
3.41558922722107e-06,0.000167136018392623,1.23094413298828e-33,0.000698502714851642,0.173350224038839,0.82578072163869
0.979260743821323,0.0195350479142337,8.35019291334032e-17,9.92269821332342e-19,0.00112744028451885,7.67679799241146e-05
0.469899859669222,0.000614368646745493,5.28992520857841e-06,0.529292758600448,0.000187068797218181,6.54361157947844e-07
0.000150500485486801,0.45605349226267,6.01795851287112e-06,0.000759008959469674,0.00555683573209314,0.537474144601768
0.934398048862579,0.00600082359281012,0.000158666125783981,1.41331551797755e-05,0.0483241447962582,0.0111041834673887
0.990570647865477,2.30345519179271e-05,0.00940463793192505,1.67947744084204e-06,1.64729237532276e-10,8.50984071443861e-12
0.00132898871568946,0.469646129349965,0.000132515782331066,0.000358530831538812,0.270343494628693,0.258190340691783
0.998144670482196,0.00184343639331081,1.39290833402225e-06,4.64595778861536e-08,6.00350168584644e-06,4.45025489529961e-06
0.968003864302556,0.0311697733881956,1.25604035443366e-06,8.59902759395257e-08,0.000767171867072064,5.78484115456679e-05
0.156029468358064,0.0927792174065587,0.000576694354376407,0.000100687167437267,0.651158371504676,0.0993555612088877
3.29893973476919e-06,1.25879956883887e-05,0.000155625189447441,0.000349172854693048,0.349401470847159,0.650077844173277
0.307176297813393,0.00316454022827926,0.63950753102137,0.0500093435089841,0.000135376170736977,6.91125723630536e-06
0.00867327355448407,0.000491134774024983,0.770440410883104,0.220370164873981,2.18662424176536e-05,3.14967198799201e-06
0.991262502980939,0.005757318529081,0.00134928917376787,9.26151489456119e-05,0.00130074898660601,0.000237525180660185
1.26691126253317e-05,0.000124128413966944,0.00024874705253434,3.24046796622043e-10,0.481007939092279,0.518606516004547
0.99573297168467,0.0038305428886079,4.48480850422903e-07,5.07916792107976e-05,0.000359882131819239,2.53631348415342e-05
0.29768925407116,0.31994214644162,0.236732221426415,0.145633140088785,3.15897321729816e-06,7.89988023726821e-08
0.660562171359625,0.00282852336884938,0.000415236644989129,0.00753766108927441,0.327105320121996,0.00155108741526612
0.0335209200456711,0.00282068241336281,0.0288879728680211,0.000247705036182553,0.745204055173898,0.189318664462864
0.547283071263957,0.00301232719869409,0.000117578695367139,1.54167962274069e-05,0.440883466145748,0.00868813990000554
0.130437017167074,0.0370501149871414,0.62340978569402,0.00341590174582766,0.178763810186085,0.0269233702198523
0.204056019679634,0.246959067277378,3.33755997448951e-07,0.447737902494798,0.0811353163440033,0.0201113604481897
0.769150671518727,0.00949761589429692,0.21230390349132,0.000628625534182949,0.00812852576125599,0.000290657800218122
0.800758169673365,0.000525759166749218,0.00649813788380454,0.036713335969256,0.155207922654661,0.00029667465216409
0.000731373732658002,8.29879826037068e-05,0.0926804067858497,0.00388749618886301,0.828820199404273,0.0737975359057529
0.0348101932864914,0.0632880864263926,0.000576111186566694,0.00070343524625288,0.784021396724416,0.11660077712988
0.0725627930845106,3.56659859493193e-06,0.087152802985557,6.27456590681776e-06,0.833856940927175,0.00641762183825556
0.000311550382270481,0.997411321221172,1.68130537027704e-06,1.19085443017908e-06,0.000333495793817427,0.00194076044294013
3.20211610706527e-06,0.000339623630280621,7.23558709387153e-29,3.84912418941479e-25,0.483884156847426,0.515773017406186
0.0127259906097331,9.83230422577505e-05,6.3406216628604e-11,2.6321397403577e-05,0.965074611952539,0.0220747529346609
0.953341130033281,0.0104457968582175,0.0344219841940982,0.00179103966515458,3.20229071794612e-08,1.72263416457994e-08
3.9386241609903e-06,0.00043829140517933,6.47965964499351e-05,0.000891529174423891,0.0743223294017378,0.924279114798048
0.878767407436041,0.00313625788189249,0.111101801057842,0.00699428902996922,2.4161526842529e-07,2.97898734097601e-09
0.000483990242167703,7.72552723968737e-05,1.10234318753077e-10,5.77961264830338e-13,0.729471973842854,0.269966780531769
0.166503672314193,0.000569145630180269,0.00309676041066601,0.000150902354216322,0.618506453543634,0.21117306574711
0.0452168058357555,0.0030273515318399,0.00110094269437539,5.82693016227539e-10,0.946137416576323,0.00451748277901331
0.991263357973877,0.000257217543958233,1.38773616500413e-05,3.61935664241805e-08,0.00843528673374869,3.02241931996145e-05
0.953545178171966,0.0152808003249838,0.0307474269688163,0.000425809749305558,4.96421369946047e-07,2.88363558305963e-07
0.997241252618272,0.00036384454920897,0.00235673087108375,3.5176326839145e-05,2.65747130715968e-06,3.38163288944778e-07
0.999545824562041,4.19193473529835e-05,0.000167159369529301,5.13819948814768e-10,0.000245081621580656,1.45856766258049e-08
0.0468233558913711,0.0807834882579098,7.05601024769162e-12,4.50325650046567e-05,0.825860117968663,0.0464880053099957
0.731091656430852,0.235785479987406,0.0236821672971082,0.00255349222642714,0.00679397853402153,9.32255241855158e-05
0.00170281297257134,0.0408672090240639,0.000213534522677735,0.00882627164798869,0.902538730359743,0.0458514414729559
0.0100179433257061,3.9569996136652e-05,0.0391063125909093,3.19248549606965e-05,0.949186476503628,0.00161777272865896
0.00310546205601319,9.14899635386675e-06,0.00112515118646556,1.74768924209726e-05,0.979482133622951,0.0162606272457951
0.00418093643653853,0.995568820384062,2.79545010996261e-05,3.25289836096678e-07,0.000218573301090781,3.39008737243276e-06
1.02573285713113e-05,7.03453234281364e-05,3.45727079128575e-24,3.6749680569436e-26,0.219175306099697,0.780744091248304
0.127943171413775,0.534126525067216,0.0172414920279048,0.0369572331475854,0.15259570480275,0.131135873540769
9.4293047704629e-06,2.16438836418786e-05,0.000848332412298823,9.64676747808796e-06,0.977156196328771,0.02195475130304
0.575187568193342,0.000350667080951157,0.418761180876464,0.00554787575002445,0.000151635390037187,1.07270918176527e-06
0.369182685002163,0.415014225905776,0.136330716495396,0.0794693884559543,2.63960300445268e-06,3.44537706184416e-07
0.784401319776627,0.0106607538011633,0.204201293447231,0.000736632269226695,6.23035218598267e-10,8.27173413786729e-11
0.822593771896604,0.1770795145163,0.000251334470989223,7.69961345365757e-07,6.38072416890003e-05,1.08019130725409e-05
0.584977637609184,0.00282270147589737,0.399247197659289,0.00999706350983671,0.00294670957806478,8.69016772827043e-06
0.000106186714528947,0.000343198755976935,4.30015837690668e-19,3.03874015269974e-09,0.550449694446269,0.449100917044485
0.513430370607152,0.00364543616931831,8.1506792975516e-10,1.74843063918159e-05,0.471281948764174,0.0116247593378958
0.721710313065956,0.0193800147234853,0.000768228011242812,0.258134552291235,6.13626818197419e-06,7.55639898663116e-07
0.000310354722162469,0.00315222515182677,3.53664935413967e-06,0.000346904158122718,0.675770253383637,0.320416725934897
2.43985472547339e-05,0.000241921525657259,3.19660978733985e-12,2.86350877716078e-09,0.473097821380506,0.526635855679876
0.0299892645238546,0.00044247732816908,0.000307097003209808,0.000101098490219786,0.886943473395483,0.0822165892590634
0.00108657364545298,0.000217337728468875,0.000859011200703103,0.00024705728281704,0.733526342645493,0.264063677497065
0.676408458022707,0.0429135309732291,0.000368383065476274,3.52981321208165e-06,0.277146268382926,0.0031598297424497
0.998835960568736,0.000312822321746104,0.000787649040239469,2.5847064224591e-06,5.87677847836052e-05,2.21557807253307e-06
8.4817706027122e-05,0.00104787012205305,1.9259410552924e-07,0.000442517016142622,0.570325018138474,0.428099584423198
0.913636357682078,0.0324884138686769,0.0347858038848242,0.0190894203115853,3.78883483647546e-09,4.64000321346904e-10
0.257255667495107,0.0105732383504188,0.700705157745884,0.0314627068193527,2.97597855767075e-06,2.53610679712491e-07
0.953574002931795,0.000461957228888943,0.0459097917581657,1.83316381653637e-05,2.61469611220503e-05,9.76948186338149e-06
0.0675731098473694,8.90087639899619e-05,0.878579388720603,0.000639831652605467,0.0529285391160993,0.000190121899333269
0.392891317122038,0.0681495731296221,0.431746908346303,0.107212130056866,5.54484220663646e-08,1.5896749284943e-08
0.05043387332198,0.0204784240008667,0.0216487464392331,0.907336749686863,8.66250214330993e-05,1.55815296244535e-05
2.74885321777427e-06,0.000147657819411893,3.87444905797671e-21,1.8760811545221e-31,0.165152117616737,0.834697475710633
8.9197145821482e-05,1.99762218428752e-05,0.000955182131727207,9.9056430785839e-05,0.894968079354662,0.103868508715161
1.17636970322417e-05,1.2101267360369e-05,2.01952925502249e-12,1.49446289902394e-26,0.70170560027833,0.298270534755258
0.0275929615772824,0.00126743745452789,0.00115521309742572,1.45393978268434e-05,0.958213676383247,0.0117561720896904
